AABB            // B yellow building
671.97 2143.96 400
177.51 2424.00 100

Cuboid          // Ruins buttress
0 0 0           // Center
1 1 1           // Scale
0 0 0           // Rotation (deg)
1456 2910.85 195
1520 2911.82 195
1520 2960.21 455
1456 2959.26 455
1456 2910.85 50
1520 2911.82 50
1520 3000 50
1456 3000 50

AABB            // B tree
1343.96 2711.71 300
1600.34 2547.26 50

AABB            // Ruins sandbag
780.83 3235.19 231.86
781.87 3335.00 150

Cuboid          // Ruins CT door
0 0 0           // Center
1 1 1           // Scale
0 0 0           // Rotation (deg)
1327.60 3048.03 300
1238.03 3048.03 300
1236.40 3013.35 300
1250.36 3003.64 300
1327.60 3048.03 50
1238.03 3048.03 50
1236.40 3013.35 50
1250.36 3003.64 50

Cuboid          // B garden
0 0 0           // Center
1 1 1           // Scale
0 0 0           // Rotation (deg)
823.96 2800.03 250
1112.03 2800.03 250
1141.66 3019.96 250
1138.03 3046.94 250
823.96 2800.03 50
1112.03 2800.03 50
1141.66 3019.96 50
1138.03 3046.94 50

Cuboid          // B garden
0 0 0           // Center
1 1 1           // Scale
0 0 0           // Rotation (deg)
880.28 3289.50 350
864.03 3360.81 350
835.99 3364.03 350
555.04 3345.53 350
880.28 3289.50 50
864.03 3360.81 50
835.99 3364.03 50
555.04 3345.53 50

AABB            // B coffins
559.72 3345.53 350
600 3008.00 50

AABB          // B coffins
600.00 3053.46 259
521.20 3069.06 160

Cuboid          // B dark barrels
0 0 0           // Center
1 1 1           // Scale
0 0 0           // Rotation (deg)
217.97 3178.08 243.2
178.71 3059.11 243.2
230.98 3035.42 254.2
261.11 3069.31 254.2
217.97 3178.08 24
178.71 3059.11 24
230.98 3035.42 24
261.11 3069.31 24

AABB            // B dark boxes
155.50 3085.00 50
242.48 3283.00 284.3

Cuboid          // B dark
0 0 0           // Center
1 1 1           // Scale
0 0 0           // Rotation (deg)
87.96 3260.37 300
84.88 3171.00 300
384.03 3184.17 300
382.44 3488.03 300
87.96 3260.37 50
84.88 3171.00 50
384.03 3184.17 50
382.44 3488.03 50

AABB            // B pillar
85.03 2948.48 300
117.40 2917.26 50

Cuboid          // Quad
0 0 0           // Center
1 1 1           // Scale
0 0 0           // Rotation (deg)
85.16 2695.35 280
87.72 2571 280
121.66 2570 280
117.00 2695.00 280
85.16 2695.35 50
87.72 2571 50
121.66 2570 50
117.00 2695.00 50

AABB            // B second
370.43 2517.82 280.82
402.00 2300.00 50

Cuboid          // B first barrels
0 0 0           // Center
1 1 1           // Scale
0 0 0           // Rotation (deg)
589.56 2557.93 243.5
543.66 2570.29 243.5
523.26 2536.69 243.5
518.09 2325.06 243.5
589.56 2557.93 50
543.66 2570.29 50
523.26 2536.69 50
518.09 2325.06 50

AABB            // B first
519.02 2516.81 284.3
611.95 2325.74 50

Cuboid          // Banana car wood
0 0 0           // Center
1 1 1           // Scale
0 0 0           // Rotation (deg)
403.81 2058.92 202.2
403.38 2058.18 202.2
473.88 2034.92 202.7
474.45 2035.85 202.7
407.17 2069.16 125
406.82 2067.96 125
476.61 2044.17 125
477.13 2044.90 125

Cuboid          // Banana corner
0 0 0           // Center
1 1 1           // Scale
0 0 0           // Rotation (deg)
1263.98 2624.03 300
983.96 2635.96 300
896.37 2624.03 300
895.96 2240.23 300
1263.98 2624.03 50
983.96 2635.96 50
896.37 2624.03 50
895.96 2240.23 50

AABB            // Sandbags cubby
960.30 2083.95 261
1021.40 1935.74 100

AABB            // Sandbags
707.00 1800.17 204.5
708.00 1917.00 0

Cuboid          // Banana corner
0 0 0           // Center
1 1 1           // Scale
0 0 0           // Rotation (deg)
505.26 1744.60 223
403.90 1853.96 223
389.98 1841.96 223
496.63 1726.55 223
505.26 1744.60 110
403.90 1853.96 110
389.98 1841.96 110
496.63 1726.55 110

Cuboid          // Banana corner
0 0 0           // Center
1 1 1           // Scale
0 0 0           // Rotation (deg)
624.65 1857.00 250
519.86 1855.86 250
248.05 1416.17 250
294.19 1392.73 250
624.65 1857.00 0
519.86 1855.86 0
248.05 1416.17 0
294.19 1392.73 0

AABB            // Logs
23.45 1440.11 226.63
0.76 1708.18 108.03

AABB            // Ramp to mid
16.56 432.34 208.20
-416.00 752.03 -50

Cuboid          // Mid to banana
0 0 0           // Center
1 1 1           // Scale
0 0 0           // Rotation (deg)
-174.70 927.00 300
16.24 928.20 300
52.03 960.06 300
48.01 1312.03 300
-174.70 927.00 0
16.24 928.20 0
52.03 960.06 0
48.01 1312.03 0

AABB            // Mid to banana
313.92 743.85 250
176.83 1024.13 0

AABB            // Bench
520.00 767.20 252.96
400.00 680.03 80

Cuboid          // Mid
0 0 0           // Center
1 1 1           // Scale
0 0 0           // Rotation (deg)
311.96 32.36 250
703.73 31.96 250
719.52 79.99 250
703.85 448.03 250
311.96 32.36 0
703.73 31.96 0
719.52 79.99 0
703.85 448.03 0

AABB            // Top mid red building
960.03 607.96 264.99
1296.35 837.24 50

AABB            // Mid stairs
957.29 65.90 199
871.96 86.99 90

AABB            // Apps windows
969.34 27.98 370
959.00 149.21 159.60

AABB            // Apps windows
967.00 -224.71 350.04
961.24 -153.50 100

AABB            // Apps windows
959.84 -85.29 370
967.34 -15.05 50

AABB            // Apps windows
965.70 -152.73 289.42
960.00 -550.95 100

AABB            // Apps windows
965.65 -87.32 285
959.00 389.03 90

AABB            // Apps balcony
894.00 -54.03 255.80
1100 -186.03 252.37

Cuboid          // Apps T door
0 0 0           // Center
1 1 1           // Scale
0 0 0           // Rotation (deg)
1305.00 -370.68 380
1279.96 -384.25 380
1279.96 -686.64 380
1300.00 -686.64 380
1305.00 -370.68 100
1279.96 -384.25 100
1279.96 -686.64 100
1300.00 -686.64 100

AABB            // Apps T door
959.63 -794.24 270
966.39 -660.84 120

Cuboid          // Apps T door
0 0 0           // Center
1 1 1           // Scale
0 0 0           // Rotation (deg)
958.41 -601.43 380
968.91 -603.78 380
1168.03 -575.56 380
1167.26 -383.96 380
958.41 -601.43 100
968.91 -603.78 100
1168.03 -575.56 100
1167.26 -383.96 100

Cuboid          // Apps
0 0 0           // Center
1 1 1           // Scale
0 0 0           // Rotation (deg)
1160.71 34.22 370
1168.05 38.56 370
1168.00 110.26 370
1150.00 110.26 370
1160.71 34.22 100
1168.05 38.56 100
1168.00 110.26 100
1150.00 110.26 100

AABB            // Apps hall balcony wall 
1176.03 -39.98 373.72
1151.50 -248.03 100

Cuboid          // Apps hall balcony wall
0 0 0           // Center
1 1 1           // Scale
0 0 0           // Rotation (deg)
1105.36 -256.03 400
1176.03 -247.77 400
1166.31 -20.81 400
1151.96 -24.04 400
1105.36 -256.03 100
1176.03 -247.77 100
1166.31 -20.81 100
1151.96 -24.04 100

Cuboid          // Apps hall balcony wall
0 0 0           // Center
1 1 1           // Scale
0 0 0           // Rotation (deg)
1168.03 -180.00 370
1168.03 -170.00 370
1070.00 -300.96 370
1080.00 -300.96 370
1168.03 -180.00 100
1168.03 -170.00 100
1070.00 -300.96 100
1080.00 -300.96 100

AABB            // Apps
1151.96 -24.44 400
1167.70 -256.03 100

AABB            // Boiler door
1271.97 280.03 350
1296.08 65 135.67

Cuboid          // Boiler
0 0 0           // Center
1 1 1           // Scale
0 0 0           // Rotation (deg)
1287.51 343.02 300
1297.81 346.35 300
1294.91 416.04 300
959.96 415.69 300
1287.51 343.02 100
1297.81 346.35 100
1294.91 416.04 100
959.96 415.69 100

AABB            // Top mid yellow
960.04 416.03 88.57
1168.03 174.42 316.73

AABB            // Apps floor
1279.96 75 256.0
1100.00 -395.60 100

Cuboid          // Long hall
0 0 0           // Center
1 1 1           // Scale
0 0 0           // Rotation (deg)
1820.34 -269.31 370
1272.07 -248.03 370
1280.01 -256.03 370
1308.68 -269.31 370
1820.34 -269.31 210
1272.07 -248.03 210
1280.01 -256.03 210
1308.68 -269.31 210

Cuboid          // Balcony wall
0 0 0           // Center
1 1 1           // Scale
0 0 0           // Rotation (deg)
1930.05 -159.18 366
1934.50 -159.11 366
1935.95 -127.96 366
1326.47 -127.85 366
1930.05 -159.18 100
1934.50 -159.11 100
1935.95 -127.96 100
1326.47 -127.85 100

AABB            // Balcony door
1930.10 -216.81 365.99
1936.31 -383.96 260.42

AABB            // Balcony
2047.81 -255.98 403.38
1927.96 -382.70 200

AABB            // Balcony floor
2110.03 -382.08 250.10
1600.00 -127.57 256.03

AABB            // Pit wall
2175.46 -127.97 156.03
2040.00 -144.03 85.30

AABB            // Hay cart
1964.09 -38.17 214.65
2008.00 -121.91 0

AABB            // Mid corner yellow building
1352.00 848.10 404.36
1250.00 1168.03 150

AABB            // A pillar
1928.36 399.84 300
1895.46 432.23 120

Cuboid          // A close apps wall
0 0 0           // Center
1 1 1           // Scale
0 0 0           // Rotation (deg)
1928.84 151.57 400
1928.64 184.59 400
1504.29 183.34 400
1504.56 152.39 400
1928.84 151.57 0
1928.64 184.59 0
1504.29 183.34 0
1504.56 152.39 0

Cuboid          // A tall box
0 0 0           // Center
1 1 1           // Scale
0 0 0           // Rotation (deg)
2151.49 273.54 284
2073.17 286.23 284
2060.34 207.00 284
2138.90 194.06 284
2151.49 273.54 0
2073.17 286.23 0
2060.34 207.00 0
2138.90 194.06 0

AABB            // A back box
1892.49 257.84 221.58
1760.05 159.66 120

AABB            // A back box
1879.68 589.51 221.8
1800.00 508.47 120

Cuboid          // A center box
0 0 0           // Center
1 1 1           // Scale
0 0 0           // Rotation (deg)
2032.28 374.17 221.54
2043.98 452.46 221.59
1963.92 464.46 221.56
1952.19 385.72 221.63
2032.28 374.17 0
2043.98 452.46 0
1963.92 464.46 0
1952.19 385.72 0

AABB            // A CT box
2032.47 640.49 221.40
2113.77 750.00 160.03

AABB            // A back corner
1928.27 645.99 300
1903.96 750 150

Cuboid          // A building
0 0 0           // Center
1 1 1           // Scale
0 0 0           // Rotation (deg)
2177.96 717.96 330
2178.00 994.03 330
1504.73 999.77 330
1504.35 968.60 330
2177.96 717.96 100
2178.00 994.03 100
1504.73 999.77 100
1504.35 968.60 100

AABB          // Pit wall
2439.31 -66.35 176.56
2440.00 -179.87 50

Cuboid          // Pit wall
0 0 0           // Center
1 1 1           // Scale
0 0 0           // Rotation (deg)
2422.22 -78.54 196
2421.96 -205 196
2445.50 -205 196
2440.29 -79.04 196
2422.22 -78.54 50
2421.96 -205.37 50
2446.03 -205.24 50
2440.29 -79.04 50

AABB            // Graveyard wall
2519.08 367 240
2503.86 100 120

AABB            // Graveyard wall
2423 129.87 240
2655.00 -0.03 90

AABB            // Graveyard wall
2440.02 211.96 219
2428.00 581.95 100

Cuboid          // Graveyard yellow
0 0 0           // Center
1 1 1           // Scale
0 0 0           // Rotation (deg)
2426.86 584.88 400
2588.25 589.82 400
2577.51 901.64 400
2416.03 896.00 400
2426.86 584.88 100
2588.25 589.82 100
2577.51 901.64 100
2416.03 896.00 100

AABB            // Library wall
2686.67 1327.96 300
2616.81 1343.85 100

Cuboid          // Library wall
0 0 0           // Center
1 1 1           // Scale
0 0 0           // Rotation (deg)
2463.82 1168.78 300
2440.03 1320.55 300
2431.83 1224.00 300
2431.81 1149.38 300
2463.82 1168.78 100
2440.03 1320.55 100
2431.83 1224.00 100
2431.81 1149.38 100

Cuboid          // Library wall
0 0 0           // Center
1 1 1           // Scale
0 0 0           // Rotation (deg)
2431.96 992.11  300
2569.40 991.00  300
2684.91 1048.03 300
2433.92 1090.18 300
2431.96 992.11  100
2569.40 991.00  100
2684.91 1048.03 100
2433.92 1090.18 100

Cuboid          // Library wall
0 0 0           // Center
1 1 1           // Scale
0 0 0           // Rotation (deg)
2495.74 1408.03 269.25
2479.97 1408.03 271.68
2458.30 1344.03 281.69
2503.14 1328.10 266.52
2495.74 1408.03 100
2479.97 1408.03 100
2458.30 1344.03 100
2503.14 1328.10 100

AABB            // Library wall
2273.01 1344.03 281.64
2503.45 1328.41 160

AABB            // Library wall
2273.01 1344.03 281.64
2503.45 1328.41 160

AABB            // Library wall
2622.54 1575.96 300
2369.10 1584.84 120

Cuboid          // Arch
0 0 0           // Center
1 1 1           // Scale
0 0 0           // Rotation (deg)
1888.05 1247.96 350
2140.67 1247.71 350
2309.18 1579.73 350
1882.00 1604.03 350
1888.05 1247.96 100
2140.67 1247.71 100
2309.18 1579.73 100
1882.00 1604.03 100

Cuboid          // Arch
0 0 0           // Center
1 1 1           // Scale
0 0 0           // Rotation (deg)
1765.91 1604.03 350
1602.00 1600.10 350
1344.11 1247.96 350
1744.03 1249.43 350
1765.91 1604.03 100
1602.00 1600.10 100
1344.11 1247.96 100
1744.03 1249.43 100


AABB            // CT start pillar
1689.23 2688.63 300
1720.78 2721.38 100

Cuboid          // CT start building
0 0 0           // Center
1 1 1           // Scale
0 0 0           // Rotation (deg)
1688.62 2219.28 300
1689.12 1922.04 300
2223.92 1935.99 300
2235.96 2212.03 300
1688.62 2219.28 100
1689.12 1922.04 100
2223.92 1935.99 100
2235.96 2212.03 100

Cuboid          // CT start back
0 0 0           // Center
1 1 1           // Scale
0 0 0           // Rotation (deg)
2240 2952 404   // Vertex 1 extent
2074 3114 401
2000 3040 364
2159.56 2880.43 365
2240 2952 100
2074 3114 100
2000 3040 100
2159.56 2880.43 100
