Cuboid      // Short tunnel South wall
0 0 0
1 1 1
0 0 0
-670.76  -1217.90 144
-668.00  -1020.09 144
-1188.10 -1020.04 144
-1185.72 -1107.32 144
-670.76  -1217.90 0
-668.00  -1020.09 0
-1188.10 -1020.04 0
-1185.72 -1107.32 0

Cuboid      // Short tunnel North wall
0 0 0
1 1 1
0 0 0
-1185.71 -674.64 144
-1188.00 -892.00 144
-668.00 -891.52  144
-667.86 -665.00  144
-1185.71 -674.64 0
-1188.00 -892.00 0
-668.00 -891.52  0
-667.86 -665.00  0

AABB        // Short tunnel corner
-1185.0 -657.96 144
-671.91 -875.95 0

AABB        // B sandbags
-900 -508 96
-800 -487 178

AABB        // T alley East wall
-431.95 -1840.03 280
-0.26 -1820.84   0

Cuboid      // T alley East wall
0 0 0
1 1 1
0 0 0
-582.01 -1481.97 270
-602.02 -1492.02 270
-431.96 -1840.03 270
-395.98 -1840.03 270
-582.01 -1481.97 0
-602.02 -1492.02 0
-431.96 -1840.03 0
-395.98 -1840.03 0

AABB        // Monster tunnel ceiling
-700 -657.48 112
-200 -348.00 200

Cuboid      // Monster tunnel West wall
0 0 0
1 1 1
0 0 0
-669.86 -664.03 200
-583.86 -667.82 200
-584.32 -347.94 200
-605.03 -346.18 200
-669.86 -664.03 0
-583.86 -667.82 0
-584.32 -347.94 0
-605.03 -346.18 0

Cuboid      // Monster tunnel East wall
0 0 0
1 1 1
0 0 0
-369.37 -351.96 200
-455.37 -347.95 200
-455.52 -668.01 200
-259.20 -670.02 200
-369.37 -351.96 0
-455.37 -347.95 0
-455.52 -668.01 0
-259.20 -670.02 0

AABB        // B sewer corner
-720.82 -158.03 276.84
-603.96 -163.83 0

AABB        // B sewer corner
-841.99 -155.96 146
-603.96 -348.81 0

Cuboid      // B pillar
0 0 0
1 1 1
0 0 0
-870.98 6.96   280
-868.72 117.82 280
-983.45 122.13 280
-984.98 6.95   280
-870.98 6.96   0
-868.72 117.82 0
-983.45 122.13 0
-984.98 6.95   0

Cuboid      // B pillar
0 0 0
1 1 1
0 0 0
-928.41 -15.97 280
-847.97 64.05  280
-927.80 144.00 280
-1000.96 64.48 280
-928.41 -15.97 0
-847.97 64.05  0
-927.80 144.00 0
-1000.96 64.48 0

Cuboid      // B barrels building
0 0 0
1 1 1
0 0 0
-768.03 507.07 216
-768.91 318.96 216
-575.97 319.96 216
-480.86 510.20 216
-768.03 507.07 0
-768.91 318.96 0
-575.97 319.96 0
-480.86 510.20 0

AABB        // B site sandbags
-1257 222 172.45
-1198 181 0

AABB        // B West rail
-1268.01 236.03 16.06
-1267.20 -144.03 140

Cuboid      // B plywood stack
0 0 0
1 1 1
0 0 0
-1259.97 -139.03 194
-1208.96 -138.98 194
-1203.08 -14.96  194
-1265.03 -14.99  194
-1259.97 -139.03 0
-1208.96 -138.98 0
-1203.08 -14.96  0
-1265.03 -14.99  0

Cuboid      // B walkway South wall
0 0 0
1 1 1
0 0 0
-1318.38 -300.00 224
-1531.60 -307.55 224
-1519.05 -321.18 224
-1318.38 -310.00 224
-1318.38 -300.00 0
-1531.60 -307.55 0
-1519.05 -321.18 0
-1318.38 -310.00 0

Cuboid      // B yellow building
0 0 0
1 1 1
0 0 0
-1059.93 -515.51 244
-1043.07 -322.19 244
-1431.60 -288.25 244
-1444.80 -474.82 244
-1059.93 -515.51 0
-1043.07 -322.19 0
-1431.60 -288.25 0
-1444.80 -474.82 0

Cuboid      // B walkway South wall
0 0 0
1 1 1
0 0 0
-1459.26 -308.38 272
-1462.10 -296.07 272
-1792.03 -358.54 272
-1792.03 -374.04 272
-1459.26 -308.38 0
-1462.10 -296.07 0
-1792.03 -358.54 0
-1792.03 -374.04 0

AABB        // B walkway floor
-1455.98 -15.97  128
-1995.78 -303.02 0

Cuboid      // B walkway plywood
0 0 0
1 1 1
0 0 0
-1632.01 -9.02 208
-1631.98 9.02  198
-1792.03 37.23 198
-1792.03 24.79 208
-1632.01 -9.02 0
-1631.98 9.02  0
-1792.03 37.23 0
-1792.03 24.79 0


Cuboid      // B walkway plywood
0 0 0
1 1 1
0 0 0
-1695.96 2.99  256
-1695.96 21.00 256
-1792.03 35.22 256
-1792.03 25.79 256
-1695.96 2.99  0
-1695.96 21.00 0
-1792.03 35.22 0
-1792.03 25.79 0

Cuboid      // B walkway North wall
0 0 0
1 1 1
0 0 0
-1935.75 287.84 400
-1767.94 224.03 400
-1735.97 287.97 400
-1807.90 323.98 400
-1935.75 287.84 0
-1767.94 224.03 0
-1735.97 287.97 0
-1807.90 323.98 0

Cuboid      // B walkway Northeast wall
0 0 0
1 1 1
0 0 0
-1783.88 231.90 272
-1791.99 -16.03 272
-1767.65 -16.03 272
-1768.58 304.32 272
-1783.88 231.90 0
-1791.99 -16.03 0
-1767.65 -16.03 0
-1768.58 304.32 0

AABB        // B walkway Southeast wall
-1792.01 -320 272
-1775.96 -888 0

AABB        // B walkway Southwest pillar
-1984 -400.01 300
-2100 -303.96 100

Cuboid      // B walkway West pillar
0 0 0
1 1 1
0 0 0
-2047.96 -33.42 300
-1984.15 -32.03 300
-1983.96 64.01  300
-2200.09 64.03  300
-2047.96 -33.42 30
-1984.15 -32.03 30
-1983.96 64.01  30
-2200.09 64.03  30

Cuboid      // B walkway North door
0 0 0
1 1 1
0 0 0
-1989.65 89.06  300
-2012.47 135.82 300
-2021.02 138.02 300
-2047.96 -55.81 300
-1989.65 89.06  100
-2012.47 135.82 100
-2021.02 138.02 100
-2047.96 -55.81 100

Cuboid      // B walkway North door
0 0 0
1 1 1
0 0 0
-2004.03 332.00 236
-2036.03 267.98 236
-1955.92 227.58 236
-1936.06 287.79 236
-2004.03 332.00 100
-2036.03 267.98 100
-1955.92 227.58 100
-1936.06 287.79 100

Cuboid      // Under A East wall
0 0 0
1 1 1
0 0 0
-1700.26 739.54 300
-1720.26 739.54 300
-1982.27 241.09 300
-1967.60 231.26 300
-1700.26 739.54 100
-1720.26 739.54 100
-1982.27 241.09 100
-1967.60 231.26 100

Cuboid      // B heaven floor
0 0 0
1 1 1
0 0 0
-1771.28 648.17 256
-1872.01 752.03 256
-2247.45 749.53 256
-2242.17 500.84 256
-1771.28 648.17 254
-1872.01 752.03 254
-2247.45 749.53 254
-2242.17 500.84 254

AABB        // B heaven stairs
-1872 752 128.71
-2200 726 256.03

Cuboid      // B heaven South wall
0 0 0
1 1 1
0 0 0
-2095.93 488 472.3
-2071.97 556 472.3
-2231.84 636 472.3
-2231.84 600 472.3
-2095.93 488 256
-2071.97 556 256
-2231.84 636 256
-2231.84 600 256

AABB        // B heaven East wall
-2248 916.04 472.3
-2247.96 654.14 256

Cuboid      // B heaven floor
0 0 0
1 1 1
0 0 0
-1739.92 290.09 256
-1596.24 577.45 256
-2080.12 753.83 256
-2095.59 488.12 256
-1739.92 290.09 254
-1596.24 577.45 254
-2080.12 753.83 254
-2095.59 488.12 254

AABB        // Back of A stairs West wall
-2087.98 864  356
-1847.98 1224 128

Cuboid      // Storage room East door
0 0 0
1 1 1
0 0 0
-2200.08 1216.03 540
-2211.96 1227.75 540
-2280.03 1216.00 540
-2344.01 1087.96 540
-2200.08 1216.03 200
-2211.96 1227.75 200
-2280.03 1216.00 200
-2344.01 1087.96 200

AABB        // Storage room East door
-2211.96 1316 540
-2215.84 1688 356

AABB        // Storage room center door
-2350 1447.06 500
-1730 1442 356

AABB        // Storage room center door
-2454 1442   620
-2596 1449.5 356

Cuboid      // A Bank door
0 0 0
1 1 1
0 0 0
-2549.98 1234.96 600
-2539.98 1255.02 600
-2705.84 1340.45 600
-2730.03 1324.98 600
-2549.98 1234.96 400
-2539.98 1255.02 400
-2705.84 1340.45 400
-2730.03 1324.98 400

Cuboid      // A Bank floor
0 0 0
1 1 1
0 0 0
-2592.03 1687.74 480
-2613.72 1296.89 480
-2280.42 1021.24 480
-2199.78 1327.96 480
-2592.03 1687.74 479
-2613.72 1296.89 479
-2280.42 1021.24 479
-2199.78 1327.96 479

Cuboid      // A Bank door
0 0 0
1 1 1
0 0 0
-2358.03 1164.00 700
-2367.99 1144.08 700
-2322.18 1121.05 700
-2250.22 1085.14 700
-2358.03 1164.00 460
-2367.99 1144.08 460
-2322.18 1121.05 460
-2250.22 1085.14 460

Cuboid      // A Seeberger Damm
0 0 0
1 1 1
0 0 0
-2334.06 1091.93 700
-2352.02 1055.97 700
-2281.98 1020.97 700
-2248.99 1082.08 700
-2334.06 1091.93 455
-2352.02 1055.97 455
-2281.98 1020.97 455
-2248.99 1082.08 455

Cuboid      // Back of A South wall
0 0 0
1 1 1
0 0 0
-2021.54 960.76  530
-2055.57 988.77  530
-2253.80 1091.93 530
-2249.43 1084.68 530
-2021.54 960.76  344
-2055.57 988.77  344
-2253.80 1091.93 344
-2249.43 1084.68 344

Cuboid      // Back of A South wall
0 0 0
1 1 1
0 0 0
-2055.97 987.98  600
-2053.96 991.99  600
-2253.77 1091.92 600
-2326.06 1123.93 600
-2055.97 987.98  350
-2053.96 991.99  350
-2253.77 1091.92 350
-2326.06 1123.93 350

Cuboid      // Back of A stairs
0 0 0
1 1 1
0 0 0
-1730.11 965.09  480
-1928.00 1064.03 480
-1975.96 968.30  480
-1884.52 916.66  480
-1728.32 964.19  344
-2108.05 1153.96 344
-2156.07 1058.29 344
-1884.52 916.66  344

Cuboid      // A Northeast building
0 0 0
1 1 1
0 0 0
-1824.02 1012.04 610
-1920.04 819.98  610
-1719.99 719.96  610
-1623.94 912.04  610
-1824.02 1012.04 344
-1920.04 819.98  344
-1719.99 719.96  344
-1623.94 912.04  344

// The truck is the worst
Cuboid      // A truck
0 0 0
1 1 1
0 0 0
-2201.69 614.61 588
-2143.31 593.91 588
-2091.20 622.92 588
-2117.75 677.39 588
-2201.69 614.61 410
-2143.31 593.91 410
-2091.20 622.92 410
-2117.75 677.39 410

Cuboid      // A truck
0 0 0
1 1 1
0 0 0
-2201.69 614.61 588
-2177.09 575.43 588
-2091.20 622.92 588
-2113.15 665.59 588
-2201.69 614.61 510
-2177.09 575.43 510
-2091.20 622.92 510
-2113.15 665.59 510

Cuboid      // A short North building
0 0 0
1 1 1
0 0 0
-1936.02 288.04 650
-2264.03 452.00 650
-2400.04 179.98 650
-2118.57 26.47  650
-1936.02 288.04 400
-2264.03 452.00 400
-2400.04 179.98 400
-2118.57 26.47  400

Cuboid      // A default
0 0 0
1 1 1
0 0 0
-2627.70 652.58 566
-2454.84 651.70 566
-2428.76 736.72 566
-2514.08 763.37 566
-2627.70 652.58 400
-2454.84 651.70 400
-2428.76 736.72 400
-2514.08 763.37 400

Cuboid      // A default
0 0 0
1 1 1
0 0 0
-2627.70 652.58 566
-2454.84 651.70 566
-2428.76 736.72 566
-2642.72 740.71 566
-2627.70 652.58 400
-2454.84 651.70 400
-2428.76 736.72 400
-2642.72 740.71 400

Cuboid      // A van
0 0 0
1 1 1
0 0 0
-2858.78 1075.09 586
-2866.62 1042.86 586
-2591.59 966.88  586
-2576.27 1069.45 586
-2858.78 1075.09 400 
-2866.62 1042.86 400 
-2591.59 966.88  400 
-2576.27 1069.45 400 

AABB        // Upper tunnels West door
-1597.96 -2463.99 336.19
-1824.03 -2615.52 589.16

AABB        // Upper tunnels West door
-1700.4 -2445 336.73
-1700.8 -2700 550

AABB        // Playground East door
-2065.13 -2582 449.22
-2066.96 -2700 543.96

Cuboid      // Playground West wall
0 0 0
1 1 1
0 0 0
-2872.08 -3063.89 640
-2844.10 -3049.72 640
-3189.98 -2357.96 640
-3218.02 -2371.97 640
-2872.08 -3063.89 420
-2844.10 -3049.72 420
-3189.98 -2357.96 420
-3218.02 -2371.97 420

Cuboid      // Playground South tree
0 0 0
1 1 1
0 0 0
-2583.01 -2608.96 590
-2699.03 -2608.97 590
-2645.02 -2705.03 590
-2636.97 -2705.03 590
-2583.01 -2608.96 420
-2699.03 -2608.97 420
-2645.02 -2705.03 420
-2636.97 -2705.03 420

Cuboid      // Playground East tree
0 0 0
1 1 1
0 0 0
-2220.55 -2564.59 590
-2212.79 -2553.42 590
-2204.33 -2475.81 590
-2207.74 -2471.43 590
-2220.55 -2564.59 480
-2212.79 -2553.42 480
-2204.33 -2475.81 480
-2207.74 -2471.43 480

Cuboid      // Playground East tree
0 0 0
1 1 1
0 0 0
-2195.96 -2496.18 596
-2219.94 -2427.96 596
-2236.98 -2597.03 596
-2202.82 -2541.95 596
-2195.96 -2496.18 490
-2219.94 -2427.96 490
-2236.98 -2597.03 490
-2202.82 -2541.95 490

Cuboid      // Fountain East door
0 0 0
1 1 1
0 0 0
-2067.42 -2537.98 640
-2047.96 -2527.93 640
-2044.97 -2237.97 640
-2186.68 -2241.56 640
-2067.42 -2537.98 420
-2047.96 -2527.93 420
-2044.97 -2237.97 420
-2186.68 -2241.56 420

Cuboid      // Fountain South wall
0 0 0
1 1 1
0 0 0
-2043.99 -2238.96 630
-2954.02 -2239.97 630
-2982.01 -2254.04 630
-2967.95 -2282.01 630
-2043.99 -2238.96 430
-2954.02 -2239.97 430
-2982.01 -2254.04 430
-2967.95 -2282.01 430

Cuboid      // Fountain North wall
0 0 0
1 1 1
0 0 0
-2304.03 -1352.26 562
-2632.10 -1535.69 562
-2548.17 -1704.72 562
-2043.59 -1440.03 562
-2304.03 -1352.26 400
-2632.10 -1535.69 400
-2548.17 -1704.72 400
-2043.59 -1440.03 400

Cuboid      // Party tree wall
0 0 0
1 1 1
0 0 0
-2976.01 -1708.03 641
-2876.02 -1908.02 641
-2739.97 -1839.98 641
-2840.00 -1639.96 641
-2976.01 -1708.03 420
-2876.02 -1908.02 420
-2739.97 -1839.98 420
-2840.00 -1639.96 420

AABB        // Party floor
-2890.31 -1025 532
-3191.15 -1700 420

Cuboid      // Long A bush wall
0 0 0
1 1 1
0 0 0
-3334.01 -2142.03 680
-3292.05 -2156.06 680
-3229.13 -1024.03 680
-3283.45 -1024.03 680
-3334.01 -2142.03 420
-3292.05 -2156.06 420
-3229.13 -1024.03 420
-3283.45 -1024.03 420

Cuboid      // Long A East wall
0 0 0
1 1 1
0 0 0
-3388.03 -1776.06 640
-3385.95 -2038.15 640
-3319.93 -2170.00 640
-3056.06 -2037.80 640
-3388.03 -1776.06 420
-3385.95 -2038.15 420
-3319.93 -2170.00 420
-3056.06 -2037.80 420

Cuboid      // Long toilets West wall
0 0 0
1 1 1
0 0 0
-3503.96 -808.46  640
-3520.03 -815.98  640
-3520.03 -816.03  640
-3474.07 -1026.03 640
-3503.96 -808.46  340
-3520.03 -815.98  340
-3520.03 -816.03  340
-3474.07 -1026.03 340

AABB        // Long toilets South wall
-3523 -1028 640
-2745 -1014 340

AABB        // Long boost
-3632 -400.00 400
-3400 -464.03 596

AABB        // Long toilets North wall
-3212 -380 640
-3523 -624 340

Cuboid      // Long toilets West wall
0 0 0
1 1 1
0 0 0
-3523.95 -380.91 640
-3527.46 -666.95 640
-3511.94 -680.03 640
-3504.68 -680.18 640
-3523.95 -380.91 340
-3527.46 -666.95 340
-3511.94 -680.03 340
-3504.68 -680.18 340

Cuboid      // Sign post wall
0 0 0
1 1 1
0 0 0
-2856.03 587.86  640
-2884.02 602.00  640
-3218.03 -66.00  640
-3212.03 -370.14 640
-2856.03 587.86  340
-2884.02 602.00  340
-3218.03 -66.00  340
-3212.03 -370.14 340

Cuboid      // Sign post wall
0 0 0
1 1 1
0 0 0
-2877.07 155.78 560
-2715.99 478.03 560
-2874.78 557.42 560
-3027.73 304.59 560
-2877.07 155.78 340
-2715.99 478.03 340
-2874.78 557.42 340
-3027.73 304.59 340

Cuboid      // Toilets North door
0 0 0
1 1 1
0 0 0
-2727.96 -73.72 500
-2728.33 -65.96 500
-2739.33 -55.53 500
-2882.34 -63.96 500
-2727.96 -73.72 350
-2728.33 -65.96 350
-2739.33 -55.53 350
-2882.34 -63.96 350

Cuboid      // Toilets Northeast wall
0 0 0
1 1 1
0 0 0
-2470.66 -115.29 610
-2543.79 -47.96  610
-2599.93 -65.96  610
-2599.68 -74.03  610
-2470.66 -115.29 410
-2543.79 -47.96  410
-2599.93 -65.96  410
-2599.68 -74.03  410

Cuboid      // Toilers Northeast wall
0 0 0
1 1 1
0 0 0
-2384.03 -255.58 610
-2352.33 -223.96 610
-2528.18 -47.96  610
-2575.43 -59.96  610
-2384.03 -255.58 310
-2352.33 -223.96 310
-2528.18 -47.96  310
-2575.43 -59.96  310

Cuboid      // Toilets East wall
0 0 0
1 1 1
0 0 0
-2351.97 -488.03 610
-2352.22 -223.96 610
-2388.91 -197.03 610
-2393.57 -199.52 610
-2351.97 -488.03 310
-2352.22 -223.96 310
-2388.91 -197.03 310
-2393.57 -199.52 310

Cuboid      // Toilets East door
0 0 0
1 1 1
0 0 0
-2295.96 -488 502
-2295.96 -472 502
-2383.91 -472 590
-2383.91 -488 590
-2295.96 -488 300
-2295.96 -472 300
-2383.91 -472 300
-2383.91 -488 300

Cuboid      // Toilets East door
0 0 0
1 1 1
0 0 0
-2295.96 -616 502
-2295.96 -600 502
-2383.91 -600 590
-2383.91 -616 590
-2295.96 -616 300
-2295.96 -600 300
-2383.91 -600 300
-2383.91 -616 300

Cuboid      // Toilets Southeast wall
0 0 0
1 1 1
0 0 0
-2567.75 -1028  610
-2527.96 -1024  610
-2368.12 -864.1 610
-2367.96 -811.4 610
-2567.75 -1028  390
-2527.96 -1024  390
-2368.12 -864.1 390
-2367.96 -811.4 390

Cuboid      // Toilets Southeast wall
0 0 0
1 1 1
0 0 0
-2405.38 -907 610
-2352.01 -864 610
-2351.96 -600 610
-2384.03 -600 610
-2405.38 -907 300
-2352.01 -864 300
-2351.96 -600 300
-2384.03 -600 300

Cuboid      // Toilets Southeast wall
0 0 0
1 1 1
0 0 0
-2600.03 -1014.11 620
-2599.75 -1022.03 620
-2528.10 -1040.03 620
-2447.87 -943.92  620
-2600.03 -1014.11 340
-2599.75 -1022.03 340
-2528.10 -1040.03 340
-2447.87 -943.92  340

Cuboid      // Toilets South wall
0 0 0
1 1 1
0 0 0
-2745.02 -1031.5 620
-2727.96 -1022.0 620
-2735.98 -975.96 620
-3087.26 -991.96 620
-2745.02 -1031.5 320
-2727.96 -1022.0 320
-2735.98 -975.96 320
-3087.26 -991.96 320

Cuboid      // Lower tunnels East wall
0 0 0
1 1 1
0 0 0
-2162.69 -1167.96 608
-2239.01 -1176.97 608
-2304.03 -1256.01 608
-2288.74 -1259.70 608
-2162.69 -1167.96 240
-2239.01 -1176.97 240
-2304.03 -1256.01 240
-2288.74 -1259.70 240

AABB        // Connector top North wall
-1815.13 -1167.96 591.48
-2223.93 -1184 396.19

AABB        // Connector top door
-2296.04 -1352 543.88
-2302.92 -1500 240

AABB        // Connector top corner
-2032.01 -1184 216.09
-2048.03 -1248 566.31

AABB        // Connector West wall
-2048 -1055.94 392
-2170 -1170.40 128

AABB        // Connector stairs floor
-1708.61 -1208 223.98
-2030 -1500 240.16

AABB        // Lower tunnels West wall
-1838.96 -1505 96.50
-1979.81 -1380 390

AABB        // Lower tunnels West wall
-1855.99 -1216.03 334.99
-1840.11 -1087.96 96.20

AABB        // Lower tunnels North wall
-1984 -888 315.72
-1747 -887 96.10

AABB        // Lower tunnels East wall
-1661.96 -886 227.53
-1666.03 -1300 0

AABB        // Lower tunnels South wall
-1917 -1927.96 330
-1702 -2037.62 96

Cuboid      // Lower tunnels East wall
0 0 0
1 1 1
0 0 0
-1708.01 -1207.96 240
-1732.03 -1722.02 240
-1732.02 -1742.01 240
-1577.47 -1728.03 240
-1708.01 -1207.96 96
-1732.03 -1722.02 96
-1732.02 -1742.01 96
-1577.47 -1728.03 96

AABB        // Lower tunnels ceiling
-1579.17 -1928 265
-1975.79 -1376 252

AABB        // Upper tunnels floor
-1630.03 -1928 334
-1292.59 -2450.83 336.03

AABB        // Upper tunnels floor
-1704 -2013.96 332.05
-1023 -2496 335.85

AABB        // Upper tunnels divider
-1479.96 -2231.89 461.30
-1700 -2223.97 336.40

AABB        // Upper tunnels divider
-1719.96 -2304.03 463.54
-1479.96 -2296.68 336.12

AABB        // Upper tunnels East wall
-1271.99 -2224 461.57
-1239.96 -2500 336

Cuboid      // T stairs North wall
0 0 0
1 1 1
0 0 0
-1576.01 -2064.03 500
-1489.07 -2072.03 500
-572.92 -2067.96  500
-571.96 -2044.99  500
-1576.01 -2064.03 50
-1489.07 -2072.03 50
-572.92 -2067.96  50
-571.96 -2044.99  50

Cuboid      // T stairs South wall
0 0 0
1 1 1
0 0 0
-847.96 -2243.99  500
-848.03 -2219.96  500
-1027.64 -2207.96 500
-1288.03 -2239.98 500
-847.96 -2243.99  100
-848.03 -2219.96  100
-1027.64 -2207.96 100
-1288.03 -2239.98 100
